I did option 3, FSA Table is located in scanner.cpp, driver function is in TestScanner.cpp and its called testScanner()

I assume that the token "whole" was typo of while in the instructions.
I assumed that test files will end in .fs 
so to run file: "test.fs" 
	./scanner test
and to run user typed input
	./scanner

Name:    Jesse McCarville-Schueths
Course:  4280
Date:    Mar 7, 2021
Project: P1

for ease of finding... here is my FSA table:
int fsa_table[23][23] = {   // [row] [col]   ws = whitespace, lc = lowercase, UC = UpperCase, dig = digit, eof = end of file
 //   ws   lc   UC  dig    =    <    >    :    +    -    *    /    %    .    (    )    ,    {    }    ;    [    ]  eof  
    {  0,   1,  23,   2,   3,   4,   5,   7,   9,  10,  11,  12,  13,  14,  15,  16,  17,  18,  19,  20,  21,  22,  -1}, // 0
    {100,   1,   1, 100, 100, 100, 100, 100, 100, 100, 100, 100, 100, 100, 100, 100, 100, 100, 100, 100, 100, 100, 100}, // 1 id
    {101, 101, 101,   2, 101, 101, 101, 101, 101, 101, 101, 101, 101, 101, 101, 101, 101, 101, 101, 101, 101, 101, 101}, // 2 int
    {102, 102, 102, 102,   6,   5,   4, 102, 102, 102, 102, 102, 102, 102, 102, 102, 102, 102, 102, 102, 102, 102, 102}, // 3 =
    {103, 103, 103, 103, 103, 103, 103, 103, 103, 103, 103, 103, 103, 103, 103, 103, 103, 103, 103, 103, 103, 103, 103}, // 4 =>
    {104, 104, 104, 104, 104, 104, 104, 104, 104, 104, 104, 104, 104, 104, 104, 104, 104, 104, 104, 104, 104, 104, 104}, // 5 =<
    {105, 105, 105, 105, 105, 105, 105, 105, 105, 105, 105, 105, 105, 105, 105, 105, 105, 105, 105, 105, 105, 105, 105}, // 6 ==
    {106, 106, 106, 106,   8, 106, 106, 106, 106, 106, 106, 106, 106, 106, 106, 106, 106, 106, 106, 106, 106, 106, 106}, // 7 :
    {107, 107, 107, 107, 107, 107, 107, 107, 107, 107, 107, 107, 107, 107, 107, 107, 107, 107, 107, 107, 107, 107, 107}, // 8 :=
    {108, 108, 108, 108, 108, 108, 108, 108, 108, 108, 108, 108, 108, 108, 108, 108, 108, 108, 108, 108, 108, 108, 108}, // 9 +
    {109, 109, 109, 109, 109, 109, 109, 109, 109, 109, 109, 109, 109, 109, 109, 109, 109, 109, 109, 109, 109, 109, 109}, // 10 -
    {110, 110, 110, 110, 110, 110, 110, 110, 110, 110, 110, 110, 110, 110, 110, 110, 110, 110, 110, 110, 110, 110, 110}, // 11 *
    {111, 111, 111, 111, 111, 111, 111, 111, 111, 111, 111, 111, 111, 111, 111, 111, 111, 111, 111, 111, 111, 111, 111}, // 12 /
    {112, 112, 112, 112, 112, 112, 112, 112, 112, 112, 112, 112, 112, 112, 112, 112, 112, 112, 112, 112, 112, 112, 112}, // 13 %
    {113, 113, 113, 113, 113, 113, 113, 113, 113, 113, 113, 113, 113, 113, 113, 113, 113, 113, 113, 113, 113, 113, 113}, // 14 .
    {114, 114, 114, 114, 114, 114, 114, 114, 114, 114, 114, 114, 114, 114, 114, 114, 114, 114, 114, 114, 114, 114, 114}, // 15 (
    {115, 115, 115, 115, 115, 115, 115, 115, 115, 115, 115, 115, 115, 115, 115, 115, 115, 115, 115, 115, 115, 115, 115}, // 16 )
    {116, 116, 116, 116, 116, 116, 116, 116, 116, 116, 116, 116, 116, 116, 116, 116, 116, 116, 116, 116, 116, 116, 116}, // 17 ,
    {117, 117, 117, 117, 117, 117, 117, 117, 117, 117, 117, 117, 117, 117, 117, 117, 117, 117, 117, 117, 117, 117, 117}, // 18 {
    {118, 118, 118, 118, 118, 118, 118, 118, 118, 118, 118, 118, 118, 118, 118, 118, 118, 118, 118, 118, 118, 118, 118}, // 19 }
    {119, 119, 119, 119, 119, 119, 119, 119, 119, 119, 119, 119, 119, 119, 119, 119, 119, 119, 119, 119, 119, 119, 119}, // 20 ;
    {120, 120, 120, 120, 120, 120, 120, 120, 120, 120, 120, 120, 120, 120, 120, 120, 120, 120, 120, 120, 120, 120, 120}, // 21 [
    {121, 121, 121, 121, 121, 121, 121, 121, 121, 121, 121, 121, 121, 121, 121, 121, 121, 121, 121, 121, 121, 121, 121}  // 22 ]
};